29
557 64 16 64
5410 342 6 522
2938 644 187 558
4641 821 491 69
9094 208 667 538
4524 823 612 345
1698 287 335 919
533 145 233 60
5332 568 472 375
6532 52 222 168
469 142 254 892
9509 837 149 300
3428 216 508 615
7336 325 627 674
5778 410 711 829
5536 394 663 488
4628 122 395 757
3237 668 502 24
2548 699 334 436
1522 393 97 231
1584 14 923 545
1415 394 517 721
5210 196 240 633
424 443 234 843
9462 406 848 676
5948 503 189 872
4783 917 442 654
3408 658 951 973
1954 690 216 983
